1 247 141 143
1 185 29 30
4 16 15 155
3 21 208 5
3 35 159 25
1 133 25 23
1 226 110 110
4 92 93 201
4 68 68 202
5 167 61 171
2 120 122 57
3 70 169 63
5 223 97 230
1 233 47 48
1 225 7 6
3 64 161 56
4 16 17 206
1 245 111 112
2 117 123 63
1 217 19 18
3 33 232 17
4 53 54 198
3 24 111 17
5 169 37 175
5 217 111 221
3 70 162 61
1 206 72 73
4 99 100 216
3 124 231 115
4 54 54 188
5 180 41 186
4 37 37 151
2 222 229 89
1 226 86 87
4 60 61 167
2 172 179 49
4 86 84 227
4 43 43 155
5 127 60 131
2 137 143 33
2 234 241 86
5 133 8 138
4 9 10 178
4 48 49 155
4 26 25 217
1 216 58 57
4 37 37 229
5 195 8 201
2 211 223 15
3 65 221 52
4 37 38 147
3 77 196 68
2 240 247 105
2 214 220 68
2 141 148 10
1 167 25 24
3 112 190 106
5 190 92 193
5 181 8 186
1 221 117 118
5 185 77 189
3 57 179 45
3 80 170 74
2 180 186 80
5 130 5 135
3 47 185 37
2 219 228 25
1 207 25 24
5 158 9 163
1 214 116 115
3 106 181 99
2 117 121 10
2 208 219 19
5 180 33 184
3 62 161 53
3 80 204 70
5 163 60 167
1 225 67 66
4 68 69 151
4 58 58 144
5 225 47 231
1 189 25 24
1 241 53 54
4 60 59 197
5 205 85 209
4 39 38 228
4 52 51 168
4 42 42 176
5 121 27 124
5 195 99 197
2 244 250 118
2 188 196 23
2 152 157 57
3 78 173 73
4 75 76 246
5 214 10 221
3 136 235 127
5 218 40 224
2 218 225 95
3 48 233 33
