247 141 143
235 25 26
162 12 13
200 10 10
191 73 73
227 55 55
244 61 63
172 18 18
172 12 12
137 3 4
208 44 45
193 21 21
152 74 74
243 99 99
242 116 117
193 5 6
175 17 18
247 43 44
208 45 46
240 82 81
169 71 70
219 227 62
127 49 49
142 145 68
173 176 95
143 27 27
232 114 114
227 236 83
170 7 8
213 222 33
149 154 62
200 203 112
201 75 76
240 46 47
204 211 53
188 20 20
233 242 61
199 207 72
114 121 7
181 83 84
179 71 71
39 119 32
128 227 119
99 215 88
117 121 47
229 91 91
131 134 65
80 167 73
169 43 44
224 233 28
60 211 48
209 216 60
181 77 76
168 70 69
138 64 65
202 58 58
205 211 75
52 161 42
29 155 19
232 114 114
47 46 173
74 239 61
78 234 65
224 236 16
50 49 127
121 242 111
137 53 53
217 45 45
65 66 149
220 66 66
26 239 7
189 196 40
129 67 68
70 70 170
78 226 67
129 134 34
59 59 155
229 111 111
88 88 236
53 53 235
225 47 231
189 25 24
241 53 54
60 59 197
205 85 209
39 38 228
52 51 168
42 42 176
121 27 124
195 99 197
244 250 118
188 196 23
152 157 57
78 173 73
75 76 246
214 10 221
136 235 127
218 40 224
218 225 95
48 233 33
