1 227 81 82
1 230 47 49
1 175 69 69
4 11 10 146
1 220 56 55
3 76 168 69
5 168 17 174
1 134 26 26
1 143 39 38
1 207 111 112
4 39 38 191
4 57 56 186
3 104 184 97
2 220 231 30
4 60 60 184
2 124 128 41
1 145 77 76
2 241 252 38
3 85 222 74
3 85 201 74
5 208 42 214
5 139 72 141
3 108 215 101
1 233 65 64
3 83 166 76
1 233 79 79
4 57 57 157
4 49 49 245
5 228 89 234
2 171 177 45
2 243 252 85
3 42 156 34
3 100 224 92
3 66 239 53
5 131 40 135
5 143 11 149
5 214 84 218
5 204 23 212
2 187 192 98
1 176 32 32
5 123 58 126
4 31 31 225
3 75 201 65
5 169 39 173
4 37 37 195
5 230 40 236
3 54 151 46
3 17 126 9
1 171 38 39
5 161 63 164
5 228 57 234
1 173 53 54
1 229 71 70
2 159 164 74
1 197 87 88
1 204 46 45
3 24 169 12
1 237 77 77
3 62 135 54
5 211 64 215
3 44 171 32
4 28 27 206
4 9 9 169
4 14 13 192
1 238 54 54
1 151 18 19
4 24 24 208
2 157 162 72
1 218 48 48
1 181 57 57
5 172 8 180
1 133 44 46
2 121 126 34
3 11 113 4
1 167 69 70
1 236 113 115
4 21 21 197
4 30 30 150
4 44 43 183
1 213 43 44
3 37 110 29
5 172 40 177
5 171 75 173
3 112 223 102
3 54 178 46
5 224 82 228
5 176 17 180
4 87 86 242
4 36 34 177
3 74 169 67
3 49 188 37
1 169 23 23
5 139 57 141
3 49 124 42
2 214 220 84
3 39 160 29
4 9 9 191
4 29 30 209
1 202 110 111
3 82 144 77
4 43 43 237
4 79 79 209
3 74 185 64
3 22 126 13
3 28 111 21
3 91 217 81
1 174 78 79
3 99 179 92
4 60 61 170
1 233 77 78
1 224 108 108
3 92 167 85
2 179 185 61
1 233 23 22
2 236 241 121
1 201 29 29
2 118 123 29
3 57 144 50
4 98 99 243
4 24 23 238
5 167 32 171
4 42 41 143
3 86 173 79
3 103 190 95
4 94 94 216
4 85 86 192
3 63 237 51
3 91 190 82
3 49 194 37
4 31 30 184
3 29 157 18
2 211 220 49
4 104 103 241
2 212 217 117
4 32 32 188
3 93 161 88
5 165 40 168
2 239 249 54
3 52 234 37
4 85 85 245
4 33 32 134
5 174 54 178
4 41 41 201
5 228 65 234
3 39 163 29
2 247 253 103
1 180 90 90
5 187 79 191
2 229 238 67
4 26 25 217
1 246 6 7
5 166 80 169
2 212 220 36
5 210 68 216
2 212 217 101
5 155 78 158
3 91 176 83
1 190 44 45
3 96 232 86
4 75 75 187
3 59 220 46
1 198 110 109
4 53 52 146
1 202 84 84
3 94 218 84
2 159 163 86
2 198 205 50
4 53 52 154
2 163 169 63
2 169 175 41
1 223 11 10
3 58 126 53
3 88 190 80
1 145 65 66
1 194 64 64
5 138 6 143
5 207 72 211
3 76 185 66
2 135 141 31
5 235 52 241
1 168 72 73
1 170 22 22
1 223 21 21
1 175 85 85
3 73 201 62
2 120 126 66
5 196 61 200
3 63 228 50
3 126 233 117
4 36 37 216
2 189 195 69
1 220 18 18
5 233 96 238
5 190 92 193
5 174 6 181
5 188 80 191
4 66 65 145
1 164 68 69
3 36 126 30
1 234 90 90
4 17 16 120
3 82 167 74
5 206 19 214
2 207 220 9
5 201 20 209
3 28 113 20
3 113 246 103
5 234 114 238
3 59 163 50
5 163 38 166
3 103 229 93
3 48 119 41
4 33 32 160
5 197 22 203
2 163 170 12
1 152 64 63
4 37 36 163
4 32 32 180
5 197 10 205
1 215 47 46
4 47 46 184
5 199 16 205
2 145 147 81
1 208 70 70
1 170 42 43
3 77 233 64
1 205 52 54
4 20 20 204
3 71 134 64
5 233 50 239
5 200 65 204
4 32 32 146
4 51 51 227
5 191 56 195
5 199 52 205
3 21 191 6
1 195 31 32
2 126 129 50
2 120 124 50
4 16 16 198
1 193 5 6
1 213 71 70
1 180 16 17
3 82 196 74
4 39 39 187
2 240 248 85
3 122 246 114
5 141 69 142
4 77 76 229
4 59 57 200
5 182 38 188
2 140 145 17
5 209 41 214
4 42 43 125
3 102 226 94
1 216 10 10
3 49 182 39
3 85 192 78
3 59 212 46
3 75 182 66
4 74 74 164
5 168 74 170
2 196 201 107
1 177 51 52
1 197 87 88
1 210 112 111
5 142 24 144
3 138 235 130
2 238 247 58
5 147 56 151
5 223 67 229
1 147 49 50
1 187 31 32
1 147 59 58
2 161 169 8
3 40 123 33
3 45 218 30
3 26 113 19
3 67 223 52
2 134 138 41
2 117 124 10
4 60 60 244
3 62 225 48
1 178 12 12
4 64 65 207
5 125 46 127
4 33 33 193
3 117 239 105
5 213 42 219
5 228 43 235
4 26 25 127
2 128 133 30
1 242 136 136
3 49 194 37
4 51 51 223
4 75 76 220
4 58 58 218
4 56 55 123
2 125 128 59
2 144 149 55
3 93 246 80
2 167 173 37
4 72 72 194
1 180 26 28
2 201 208 52
4 38 38 210
5 213 95 218
2 182 191 24
1 179 67 66
4 57 57 243
1 246 98 98
5 175 21 179
2 120 125 35
3 66 170 57
2 157 164 9
2 220 227 69
2 202 208 100
5 222 56 228
1 188 74 74
4 81 82 226
1 227 17 18
3 53 208 42
2 125 130 38
1 172 26 27
4 4 3 156
4 80 80 210
1 242 24 23
4 16 17 126
3 27 136 17
2 203 211 76
3 39 233 22
2 178 184 62
3 91 171 84
4 20 20 178
5 218 11 225
2 245 251 99
3 48 204 35
2 130 134 23
1 226 68 69
1 213 110 111
1 145 67 67
3 65 131 60
5 223 64 229
3 51 228 36
5 219 51 226
2 200 208 35
1 158 60 59
2 147 150 71
5 167 8 171
3 56 110 52
2 134 138 43
3 65 205 54
4 27 26 228
5 160 23 165
3 53 238 40
1 226 46 47
3 89 216 77
4 55 54 244
4 68 67 160
5 208 95 211
1 186 58 59
1 200 52 52
4 18 18 210
5 222 72 229
3 23 118 16
4 60 59 213
5 134 36 137
1 239 19 19
5 175 79 177
1 150 56 56
5 144 43 147
3 35 166 24
2 212 217 114
4 68 69 178
4 108 107 247
5 222 80 226
5 223 108 227
4 92 92 212
4 32 31 171
4 55 53 222
2 153 158 29
3 62 157 55
4 75 74 210
2 175 183 36
5 203 35 208
3 23 217 7
5 177 86 181
2 210 219 48
5 155 37 159
1 194 26 26
3 123 232 115
5 220 11 227
5 147 12 151
2 168 173 44
3 29 162 17
3 77 157 70
5 228 6 237
5 170 67 174
4 39 39 211
2 233 245 21
5 162 37 165
4 16 14 245
1 189 95 95
2 232 241 90
5 196 100 200
1 148 67 66
1 167 31 31
5 219 32 227
4 50 50 244
4 49 49 235
5 221 101 225
4 81 81 205
3 84 245 71
5 202 27 208
4 17 17 209
1 196 6 6
1 246 140 140
4 46 46 204
4 78 77 230
3 42 210 27
3 50 125 43
1 232 42 42
2 151 157 23
5 212 56 217
2 133 137 63
4 16 16 212
3 59 122 52
1 222 30 29
4 44 44 164
2 210 218 53
3 114 216 106
1 160 46 46
1 205 81 81
5 189 16 194
5 128 58 130
4 33 33 245
1 232 132 132
4 28 29 197
3 71 190 62
3 17 128 7
5 193 97 195
3 73 221 62
4 51 52 196
1 145 31 31
3 30 195 17
2 214 223 44
5 159 39 162
2 234 242 68
5 155 37 159
3 33 196 19
1 188 44 44
5 149 72 152
5 209 45 217
1 136 28 28
1 246 16 18
4 56 55 135
1 226 50 52
5 152 70 154
4 37 37 223
3 42 125 37
1 184 44 45
1 188 52 52
5 229 104 232
3 40 180 29
4 95 94 213
3 23 179 10
3 95 163 88
1 193 73 74
5 187 74 192
4 35 35 209
2 213 220 91
2 114 118 5
3 88 245 76
5 223 91 229
2 235 243 44
1 192 20 20
4 60 60 174
4 95 95 219
1 144 48 49
5 215 73 219
1 238 68 69
1 199 110 112
1 153 63 63
2 142 148 42
4 8 7 137
4 18 18 178
4 62 62 210
3 42 117 35
2 150 157 43
1 171 51 52
2 203 207 112
1 163 72 71
1 131 17 17
4 7 6 208
3 114 238 104
5 193 10 199
3 13 120 4
2 160 166 44
3 124 219 115
4 41 41 191
5 221 19 229
4 31 31 127
5 214 55 220
2 206 216 42
2 218 229 29
1 165 22 24
3 71 158 63
1 216 28 27
5 124 64 126
4 56 55 159
1 191 85 85
1 168 32 34
3 112 226 104
4 52 52 142
1 137 69 70
3 107 221 99
1 233 129 130
5 169 8 176
1 199 87 86
2 217 228 10
3 107 194 100
4 53 53 127
2 224 235 37
1 136 50 51
2 206 215 24
2 123 124 66
1 141 25 26
5 171 51 174
4 19 19 149
4 69 68 234
3 28 123 21
2 148 151 82
5 185 84 188
1 147 57 57
1 194 82 81
4 14 13 130
4 28 27 191
1 241 57 57
4 12 12 162
1 194 60 61
5 190 39 196
4 64 63 216
2 157 162 70
2 121 122 65
1 137 69 70
2 171 176 86
1 241 83 84
5 180 96 184
4 42 41 134
3 91 244 78
4 56 55 172
5 224 63 229
5 200 87 203
1 188 24 25
2 161 163 88
5 163 84 167
2 139 146 34
2 150 156 48
1 212 94 94
3 66 127 60
4 36 34 141
5 218 110 222
3 83 185 76
5 230 52 236
4 68 67 221
3 24 221 7
2 150 157 28
2 154 159 57
2 211 216 100
5 174 23 180
4 108 108 230
4 39 39 163
1 173 29 29
4 35 33 140
2 227 239 19
4 82 82 238
5 212 82 218
2 183 190 32
4 57 57 239
1 188 100 99
2 129 133 72
1 185 37 37
2 221 231 21
1 189 95 95
1 144 48 49
4 39 39 159
1 216 34 33
3 109 208 100
5 148 52 150
2 244 249 121
1 147 77 77
4 12 11 200
1 212 58 60
5 212 102 217
1 175 11 12
1 192 86 86
5 234 39 240
5 161 38 163
1 227 71 72
1 222 12 13
5 224 53 230
1 180 30 31
4 10 11 120
1 128 48 49
3 104 241 93
4 105 104 244
4 35 34 216
1 224 114 113
5 130 20 135
5 234 92 240
3 46 233 30
1 233 69 68
1 197 91 91
5 140 73 144
5 206 45 213
4 20 19 208
5 222 15 229
2 239 248 71
4 50 49 179
3 42 110 37
1 130 72 71
1 128 36 37
1 245 52 53
3 123 213 115
3 42 236 26
5 168 67 171
1 237 73 72
3 67 171 58
2 128 130 67
5 208 25 214
4 4 4 126
4 111 110 238
2 169 175 41
4 8 7 231
4 6 6 216
4 83 82 220
2 223 234 20
1 236 130 130
5 131 52 133
1 142 44 43
4 89 89 223
3 61 136 54
2 124 129 26
1 191 55 55
3 50 212 38
1 182 14 14
3 21 113 12
3 68 151 63
3 104 191 96
5 192 5 200
1 211 45 45
2 142 144 81
1 202 32 33
2 196 201 81
5 217 30 225
5 179 81 184
5 225 40 232
5 141 57 145
5 232 37 238
4 49 49 121
5 219 36 225
3 70 214 57
4 99 99 221
4 55 54 194
5 231 23 239
3 65 202 54
1 151 23 24
3 77 240 63
5 168 26 174
3 26 203 11
2 123 128 34
3 89 169 82
1 128 36 37
5 189 93 193
5 131 47 133
1 184 50 51
3 29 209 16
4 26 27 197
2 211 217 95
3 75 236 62
4 37 36 166
1 234 98 98
2 189 198 7
1 150 70 69
5 231 41 237
2 214 220 70
4 8 8 180
3 112 236 102
4 61 61 135
4 29 29 177
3 20 122 12
4 70 70 226
4 22 22 122
1 246 126 125
4 29 28 228
2 156 162 28
3 46 199 33
3 55 186 44
3 69 161 62
2 177 184 16
5 210 112 213
1 183 99 99
3 110 241 99
2 114 118 44
5 217 97 221
1 223 105 105
3 114 209 107
4 17 18 145
2 201 207 81
5 148 45 152
5 121 3 125
5 123 46 126
4 33 31 164
2 155 158 87
4 53 53 123
1 145 84 83
4 28 27 243
3 59 151 50
2 227 238 40
1 144 28 29
3 43 123 36
3 55 171 44
4 26 25 161
4 77 77 237
5 128 66 131
4 27 27 123
3 30 141 20
1 179 29 30
1 198 38 38
3 82 165 75
2 231 242 26
3 19 126 10
2 167 174 34
4 12 11 203
1 217 123 123
5 216 86 222
5 202 70 207
2 167 174 16
1 177 93 93
4 64 64 164
4 85 84 212
3 113 239 103
3 53 113 49
3 61 141 56
3 41 184 30
4 68 66 235
5 172 76 174
4 96 95 235
2 223 235 13
1 229 17 16
4 70 69 233
2 161 164 85
1 236 100 100
1 163 39 39
4 44 44 236
3 80 228 70
3 69 129 65
4 35 34 172
2 129 133 48
2 135 142 10
2 124 131 19
1 209 11 12
3 31 116 23
3 104 230 94
1 196 46 47
2 175 179 82
4 42 42 200
3 60 133 52
5 204 103 209
3 94 160 88
5 141 69 143
1 219 13 13
3 31 199 18
1 196 80 81
5 128 5 130
3 38 145 29
4 88 87 191
1 190 37 39
3 54 198 41
1 220 62 61
3 71 216 59
5 177 86 181
3 96 218 84
5 209 82 215
5 124 16 127
3 50 145 41
1 190 80 81
5 218 103 220
1 152 28 28
4 65 66 210
4 78 77 213
5 140 61 142
3 76 209 66
1 171 33 33
1 183 35 35
2 207 215 67
5 142 72 144
4 59 59 245
5 213 98 217
1 218 112 112
5 171 32 177
5 157 83 160
3 55 203 44
2 206 216 42
3 28 208 15
3 88 224 78
5 207 97 210
1 147 21 22
2 117 121 36
4 45 46 152
5 232 105 236
4 26 25 205
4 63 63 177
4 40 40 200
2 185 190 90
1 166 13 15
4 80 79 196
5 175 16 179
1 166 63 64
1 245 65 66
1 161 51 52
1 159 43 43
1 146 50 51
4 65 66 208
4 32 32 206
3 96 169 88
2 175 183 38
3 41 204 27
2 178 184 48
1 206 96 97
5 206 74 209
3 70 215 58
1 177 65 64
4 95 95 217
5 161 5 166
5 197 38 201
4 40 40 212
1 143 73 73
1 164 92 93
1 240 42 43
1 167 81 82
1 197 33 34
2 141 146 28
3 14 135 4
5 147 20 151
2 234 243 92
1 237 118 120
1 234 36 37
5 194 28 200
5 193 18 199
5 179 69 184
3 19 147 8
1 162 66 67
3 81 190 71
5 233 96 238
5 165 45 169
3 33 116 26
3 72 145 66
3 51 199 40
4 51 49 156
2 170 174 89
1 163 73 73
3 95 173 89
2 121 126 10
5 225 28 230
5 143 5 150
1 246 8 8
2 191 201 8
3 41 211 27
5 192 84 196
5 217 39 223
2 228 239 38
4 14 15 168
5 219 51 226
3 25 229 8
4 45 43 186
3 46 238 31
3 23 163 12
3 65 162 55
1 205 95 96
3 60 240 47
4 11 10 137
2 218 228 18
2 186 195 8
1 156 36 37
4 33 33 155
4 71 70 233
4 35 35 221
2 173 179 27
1 173 17 18
1 155 69 68
3 105 209 98
3 90 158 83
1 167 61 61
5 172 23 177
3 89 235 76
1 234 101 102
1 166 70 71
3 65 133 60
5 132 67 135
1 181 81 81
2 170 174 89
2 189 194 104
2 147 155 20
1 169 35 36
2 175 183 36
2 122 126 13
4 37 37 223
4 53 52 241
1 229 129 129
2 166 173 61
1 211 111 111
3 66 149 59
3 27 188 14
2 203 212 25
2 229 237 74
3 104 218 96
4 59 60 213
2 175 180 60
1 246 48 49
5 141 14 145
1 202 28 29
2 180 187 31
5 153 74 155
2 152 159 47
1 166 82 82
5 132 65 136
1 194 66 67
1 229 23 25
5 148 21 152
4 49 50 133
1 133 30 31
1 201 107 107
2 226 236 51
3 109 220 100
2 235 243 44
2 205 217 13
3 53 145 46
5 197 41 203
5 212 22 220
4 50 50 206
3 78 138 74
4 40 40 152
5 186 35 192
5 211 38 218
4 22 22 152
2 240 250 57
5 123 22 126
2 224 230 78
2 129 134 44
2 194 201 59
4 65 65 163
5 126 23 130
4 47 47 147
3 116 225 108
4 24 23 223
3 119 204 113
1 201 51 52
1 158 22 22
5 206 31 212
3 35 179 22
5 168 9 174
5 189 69 192
2 202 208 84
4 57 58 228
5 138 25 143
3 65 150 59
5 225 115 228
1 224 56 56
1 152 60 61
5 139 31 142
4 32 32 146
5 203 105 208
1 233 39 39
3 44 168 34
2 127 132 16
5 142 17 145
1 150 46 47
1 126 66 66
4 110 110 244
5 192 57 196
3 39 146 32
1 210 107 108
4 5 5 139
4 19 18 145
4 49 48 184
1 224 90 91
5 197 70 201
1 216 113 114
5 124 16 128
2 214 224 39
3 70 181 60
4 27 28 198
4 63 63 159
5 160 13 164
4 87 88 196
5 180 53 184
1 163 47 47
5 231 44 237
2 209 215 107
