3 72 155 67
3 85 201 74
2 204 210 74
1 161 33 34
1 173 47 48
3 17 126 7
4 5 5 119
1 234 130 131
3 89 157 84
3 61 182 51
5 153 81 155
4 69 68 161
3 40 142 33
5 193 68 198
4 69 69 229
5 218 11 225
1 169 13 14
1 138 32 32
4 78 77 181
1 186 88 87
1 206 10 11
2 214 221 91
1 247 114 115
3 114 233 105
1 235 82 84
4 61 61 185
5 163 60 167
2 236 246 53
1 156 75 74
2 182 187 93
5 196 86 199
4 95 93 216
1 176 32 32
4 48 47 200
2 115 121 15
2 113 117 33
3 72 182 61
1 177 79 78
3 11 113 4
5 216 31 223
3 20 110 14
5 153 79 156
3 25 139 15
1 177 44 45
5 134 38 136
3 104 235 93
1 181 93 92
3 74 133 69
2 231 238 126
3 83 190 76
3 106 205 97
5 150 15 154
1 189 95 95
1 147 47 47
2 180 185 65
4 52 51 230
1 187 63 63
4 38 37 216
4 26 27 233
4 25 26 118
2 228 241 14
3 63 196 51
3 103 246 92
1 145 27 27
1 236 128 128
5 186 51 190
3 132 227 125
1 180 82 81
5 159 24 163
3 126 235 116
1 186 48 48
5 194 57 199
1 206 62 62
1 168 74 74
1 217 27 27
2 137 143 33
2 228 237 48
1 184 46 46
4 25 26 134
3 100 209 90
2 152 157 28
3 71 212 58
5 233 53 240
5 169 54 173
4 21 20 218
1 137 59 59
4 54 54 202
5 183 24 187
2 230 240 57
5 208 59 213
3 79 200 69
3 56 177 46
4 46 45 243
5 230 38 237
4 4 4 154
3 111 206 104
5 157 56 160
4 79 79 227
3 104 218 96
5 228 101 232
4 32 34 197
4 89 89 189
5 130 48 133
5 154 56 157
5 214 43 220
2 202 211 32
3 68 155 60
3 99 172 93
1 199 111 110
3 131 233 123
3 41 121 34
5 201 50 207
3 58 218 46
4 67 65 172
5 204 33 210
4 32 32 180
4 31 31 121
4 53 53 187
4 28 27 163
1 240 10 10
5 194 35 200
3 96 164 89
3 49 205 36
1 219 107 106
4 58 57 184
3 58 189 49
4 93 92 209
4 14 14 200
1 146 56 56
5 177 67 180
5 206 110 210
5 190 10 197
3 71 149 63
1 183 35 35
3 81 212 70
5 128 13 132
1 135 43 44
3 118 215 110
2 181 189 41
3 86 171 78
5 199 86 202
3 80 219 68
3 106 203 98
5 234 73 241
2 138 142 47
1 138 14 14
5 123 44 125
1 173 53 54
4 95 95 229
4 80 79 233
1 246 106 105
1 247 91 92
4 47 47 143
4 28 28 174
2 181 185 72
3 132 231 123
4 80 80 200
4 5 5 201
1 143 3 4
5 219 8 227
4 24 23 186
5 225 110 229
1 205 45 45
1 211 39 39
4 23 22 150
4 39 38 230
1 135 54 53
1 136 70 71
1 210 70 71
3 135 246 126
5 154 15 160
5 157 21 163
3 72 245 57
2 218 224 102
4 49 50 194
2 205 215 7
4 10 9 139
4 55 54 134
3 56 229 43
2 206 215 48
1 150 6 6
1 243 35 35
1 151 27 27
5 135 41 137
2 236 243 85
5 228 31 235
1 183 77 77
3 48 242 32
4 10 11 243
1 160 20 21
5 224 17 231
1 172 18 18
5 129 9 132
2 226 234 71
2 243 251 86
1 200 96 95
1 133 3 3
4 75 75 225
4 46 46 192
4 22 20 127
4 34 34 192
4 68 68 158
4 7 6 208
4 44 44 228
1 222 88 87
4 46 45 243
1 127 69 68
2 181 185 100
4 33 33 191
1 194 14 15
4 20 20 150
3 33 164 22
3 80 141 74
3 24 111 16
2 170 177 37
4 52 51 189
1 181 28 30
1 170 7 8
3 87 191 78
5 209 94 215
5 233 38 239
3 54 139 46
4 4 3 166
2 181 189 18
1 184 34 35
3 51 162 42
2 187 192 72
3 15 112 7
3 62 169 53
3 87 224 76
2 223 232 43
2 133 138 36
3 116 244 105
3 72 215 61
3 94 196 86
2 112 118 22
2 209 217 72
1 212 109 110
2 134 137 68
2 229 236 106
4 75 73 206
4 39 38 202
3 43 171 32
4 46 45 173
4 23 23 179
5 158 7 164
3 104 206 96
5 162 23 168
2 178 183 81
3 119 206 111
3 31 170 19
4 21 20 212
3 61 241 48
4 97 98 240
5 130 12 134
1 175 29 30
4 71 70 208
2 158 164 56
3 45 152 36
3 49 165 38
5 225 81 230
1 240 106 105
2 211 222 8
4 57 56 222
3 16 149 6
5 178 92 181
2 220 227 97
5 145 68 146
2 234 241 112
5 217 13 224
4 48 49 193
3 76 209 64
5 231 65 237
1 238 94 94
1 169 55 55
4 31 32 185
4 76 77 186
3 50 220 36
3 13 117 6
4 54 52 159
5 128 39 131
4 62 62 194
2 209 217 52
4 28 27 155
1 163 49 49
1 246 38 38
3 44 184 33
1 212 18 18
1 169 25 25
5 186 61 191
4 33 32 134
4 5 5 163
3 63 221 49
1 245 55 55
3 65 113 61
3 43 169 33
1 217 19 18
3 67 150 60
3 78 246 65
1 136 26 27
2 115 120 20
4 73 73 229
4 39 39 213
4 86 86 184
3 73 153 66
2 212 217 101
5 230 14 239
2 132 135 66
4 84 84 198
2 185 194 13
1 245 15 17
1 200 94 94
3 70 167 62
4 58 56 140
1 134 18 19
1 224 30 30
1 216 50 50
1 170 78 79
4 39 38 178
2 195 204 51
1 225 39 40
3 71 197 62
3 100 209 90
3 41 167 31
3 93 214 83
1 176 34 33
2 204 212 65
5 222 54 227
4 63 63 193
3 43 121 37
4 59 60 200
2 172 175 96
1 222 34 33
5 131 61 134
3 82 150 75
1 247 49 50
5 213 100 216
1 234 74 74
2 125 129 45
3 20 188 5
3 14 123 4
4 6 5 168
4 66 65 201
3 61 156 54
1 232 122 123
1 191 69 68
5 139 53 144
1 152 46 46
2 151 158 29
4 86 86 236
4 100 99 239
1 188 100 99
3 66 144 60
5 155 73 157
2 145 150 34
5 218 22 226
5 138 8 142
2 221 233 27
2 229 238 59
3 51 228 36
5 233 50 239
5 187 77 192
2 234 242 43
4 41 42 151
4 11 11 193
3 95 211 86
2 221 228 114
4 10 9 211
1 193 59 60
1 140 34 34
1 195 105 105
3 43 147 34
1 245 71 72
1 160 68 69
4 97 97 245
3 127 222 120
1 210 116 116
4 23 23 197
2 127 133 25
5 220 21 228
1 191 9 8
5 139 53 142
1 234 58 58
1 211 111 111
3 33 186 20
4 28 29 147
5 165 11 171
2 229 239 56
2 143 147 63
4 45 45 145
3 61 180 50
4 27 27 161
4 69 68 206
4 31 32 202
4 25 24 154
1 232 79 81
2 244 252 78
1 132 43 45
3 72 135 65
4 66 65 218
4 68 66 235
2 131 135 22
1 129 33 34
2 243 251 80
4 47 48 216
1 166 56 55
4 62 62 162
1 170 14 15
1 226 76 77
4 80 80 212
1 190 46 46
5 157 15 161
3 66 192 57
4 54 53 232
5 179 23 185
1 239 73 73
4 66 65 245
4 49 48 176
3 80 184 71
1 223 115 115
3 66 217 52
3 84 169 76
4 45 45 143
1 219 99 100
3 106 217 97
5 138 3 141
3 95 202 86
2 172 178 82
3 123 215 114
4 31 31 165
1 142 76 77
1 164 40 40
2 130 135 17
5 162 47 166
5 146 45 149
2 225 236 20
1 217 67 68
1 189 101 100
3 20 163 9
1 169 88 87
3 82 169 75
1 199 23 25
5 219 36 225
2 132 139 7
3 79 227 68
2 172 180 33
4 51 51 183
3 37 122 31
5 204 101 208
4 21 21 153
5 221 111 226
4 34 34 190
3 121 246 110
5 165 33 171
4 102 101 241
2 139 145 39
3 26 154 17
3 115 210 108
3 70 240 55
2 240 245 125
1 209 83 84
3 114 228 104
3 113 200 106
2 203 209 103
1 201 33 33
1 136 72 73
4 23 23 119
3 37 163 28
4 38 39 209
5 206 16 212
2 236 244 109
4 60 60 184
2 224 229 111
2 119 123 39
1 211 73 73
3 59 207 48
2 239 251 17
4 52 52 126
3 106 186 99
1 245 99 100
2 217 228 27
4 50 50 210
3 107 226 96
1 156 33 35
5 147 39 150
1 183 101 103
4 29 29 125
5 158 16 162
1 163 51 50
4 79 79 239
1 219 67 66
2 155 161 25
2 202 208 82
3 26 175 13
5 225 40 232
5 220 16 229
4 73 72 176
2 172 178 56
4 21 21 121
4 32 31 229
